image: src/second_project/maps/map2.pgm
resolution: 0.050000
origin: [-13.051800, -12.351538, 0.000000]
negate: 0
occupied_thresh: 0.65
free_thresh: 0.196

