image: src/second_project/maps/map.pgm
resolution: 0.050000
origin: [-14.024348, -12.742240, 0.000000]
negate: 0
occupied_thresh: 0.65
free_thresh: 0.196

