image: src/second_project/maps/map.pgm
resolution: 0.050000
origin: [-13.721752, -13.776452, 0.000000]
negate: 0
occupied_thresh: 0.65
free_thresh: 0.196

