image: src/second_project/maps/map.pgm
resolution: 0.050000
origin: [-13.730924, -13.309163, 0.000000]
negate: 0
occupied_thresh: 0.65
free_thresh: 0.196

